1000 24700 28970 
11532 22585 
4864 17215 
20552 6612 
2827 25686 
29170 29528 
14984 5038 
6000 7000
31445 17277 
21127 6176 
12114 4430 
4398 14060 
7520 27807 
26831 6525 
26955 19488 
19013 4570 
2073 4946 
17238 19191 
17107 12217 
8539 12355 
27686 13359 
25908 11066 
31454 5341 
7830 2900 
15547 11732 
8468 30906 
1883 12289 
1628 17471 
1558 26853 
12037 19287 
20037 828 
10598 23834 
19105 2711 
5254 20025 
30143 27080 
25268 2418 
29280 10421 
5015 7640 
12437 25483 
15946 22975 
2704 15866 
28347 25834 
26683 4564 
17544 17034 
3048 5209 
22882 7708 
6362 30242 
26232 18495 
15620 20210 
28366 8703 
19826 25587 
26947 9343 
29576 26279 
32511 8957 
32546 10703 
20615 25201 
26651 26462 
21672 27752 
18162 17301 
31435 24287 
6869 3610 
19525 14868 
26346 6156 
13445 1254 
4506 25892 
19962 17225 
21722 22686 
31926 16283 
27740 962 
13819 24818 
14975 29545 
2781 4029 
16658 31329 
7962 21636 
14862 22305 
24414 7090 
7762 1712 
21394 9141 
19293 14738 
4092 28926 
13377 11503 
5386 7200 
21389 16926 
24510 15861 
1869 9605 
4454 12754 
23467 13163 
18966 28058 
16596 9619 
13623 12041 
3155 5254 
17988 8087 
26508 5629 
27406 30137 
22600 19971 
8555 1591 
138 9234 
5714 16738 
29225 32314 
17039 22129 
1710 22097 
27729 24383 
16596 5625 
32039 10676 
17622 12325 
22857 20348 
27811 16018 
28308 21032 
26821 32313 
28495 16073 
32213 15481 
9520 18968 
31382 15633 
13388 17762 
11948 10400 
32256 18838 
868 26662 
11031 29474 
27122 6412 
17455 20244 
8426 13383 
9287 7100 
13088 27838 
20119 16387 
31871 12245 
11576 4306 
13553 18506 
5693 30110 
21229 14946 
28185 24293 
323 9125 
4434 26271 
21608 1084 
19583 13207 
31363 14117 
19153 17965 
13633 10384 
3921 32391 
23822 12413 
15540 12296 
19621 22412 
7073 28091 
8272 28091 
17864 20763 
22788 2159 
8377 18919 
26816 15581 
28264 28154 
19898 2306 
12227 4471 
30972 32212 
8994 29839 
25776 30932 
19564 20217 
16431 26304 
27377 32535 
16591 28505 
23405 26232 
17497 17420 
26242 26193 
24100 13628 
22387 22311 
15188 2551 
6944 13882 
5119 14372 
8321 1179 
21485 27918 
18148 16757 
32490 20803 
7566 22954 
15062 13200 
5991 17801 
12591 25239 
7183 30655 
18717 13291 
31440 3984 
9711 23373 
18836 2498 
708 24931 
14257 11823 
1544 18466 
18983 26368 
24109 32609 
24852 29849 
7936 16912 
13809 22906 
22633 18304 
13575 30688 
12096 32298 
1358 14702 
28562 27885 
16929 1047 
17080 20360 
25052 21848 
2676 15713 
16916 16802 
3121 25863 
19274 30890 
32484 19151 
17578 31054 
4904 29926 
25379 8043 
11689 15922 
18917 20703 
25178 932 
32617 22965 
7543 27681 
3244 15025 
10608 24821 
5100 15354 
13014 5625 
23306 6588 
21802 13823 
29739 20407 
29014 25804 
15162 15708 
26404 26864 
27447 7897 
16629 3980 
10213 14425 
29097 11968 
5772 18273 
17432 3076 
10140 19534 
14353 18519 
23807 31371 
19097 27132 
15838 11671 
6449 12339 
22115 30369 
19476 11048 
14610 22863 
30824 3303 
27615 1040 
32381 16962 
27982 7789 
31708 24053 
5412 20107 
10445 12297 
8040 26537 
9999 22825 
11486 12761 
6003 23629 
14657 21436 
21734 22294 
27899 22446 
21266 18690 
9331 2088 
20989 12279 
31669 13024 
5531 27920 
23280 22671 
12074 25754 
23079 11957 
29531 24449 
10579 6494 
28025 6533 
19723 4598 
11321 20282 
3279 25897 
32600 30360 
10554 3105 
11330 12707 
11889 108 
32326 10600 
20587 18203 
19313 21963 
3659 13325 
12040 9273 
9160 2173 
5233 25189 
26508 4851 
453 30290 
2048 8494 
12348 13411 
22490 21466 
6079 24002 
703 16359 
22851 18994 
39 24557 
16559 7467 
27551 11606 
22377 17977 
14887 26153 
1622 25671 
5454 5859 
27984 17993 
27330 7493 
31365 22617 
25457 10234 
27981 24691 
8221 14916 
10358 14278 
6218 29918 
19687 15021 
19479 31360 
4498 29076 
11305 8637 
496 10695 
13346 9428 
19318 16308 
25178 30847 
29510 3371 
21783 28665 
20183 5940 
10207 30918 
18564 25394 
30436 11275 
5429 17933 
26545 7447 
9197 29179 
13083 2982 
16050 9574 
18371 29671 
26504 10339 
31681 31477 
31742 30855 
31430 3296 
7483 3895 
19093 8358 
24759 9415 
25427 24630 
26860 26402 
192 32339 
32710 22387 
19641 773 
15428 6730 
25688 18747 
21531 19444 
28871 18610 
6943 29818 
10852 2009 
1501 17111 
11937 10284 
21708 9447 
3171 12895 
30618 14577 
16123 23452 
31428 301 
4990 6589 
11900 10847 
22220 28460 
13512 6179 
31479 1886 
28617 1260 
28930 13262 
12378 18705 
31164 16694 
18582 24101 
16894 6932 
19053 24539 
15300 10290 
22215 17530 
10361 12192 
2800 32159 
22563 30585 
16571 10243 
24108 9516 
21269 29362 
11114 9622 
30399 9316 
7998 7798 
12593 6258 
13285 23766 
25831 5734 
27510 5826 
9413 2267 
10188 19394 
6391 23956 
11301 9990 
1734 32190 
1271 20683 
22085 21024 
9689 14087 
10142 1243 
10792 5821 
8318 11071 
7999 12688 
30850 11143 
10554 4236 
18316 11890 
15354 1297 
26721 27436 
3295 30538 
17031 9763 
8430 26043 
28344 3351 
25791 16588 
3814 497 
21301 22238 
12066 29502 
7139 22982 
21616 2176 
4028 20587 
4497 5167 
2524 5879 
2076 14314 
27602 10425 
1049 22734 
11458 1400 
23338 6673 
16610 21186 
21853 30283 
19974 3357 
28335 18270 
3568 1694 
18719 13371 
7870 11157 
13625 8862 
13111 28835 
25119 26200 
14550 32486 
17431 13823 
26779 17864 
14563 16591 
26083 15447 
28307 1381 
2550 31139 
16712 17600 
4608 14533 
29073 3123 
14454 23360 
17431 21875 
3402 18097 
1920 13028 
3751 22031 
7077 31105 
14246 29999 
6032 27819 
23098 4550 
15510 6093 
5379 31598 
12394 23828 
25132 13725 
25051 1244 
22219 12122 
8893 10783 
26850 32427 
6637 28605 
2970 3605 
919 1212 
14858 17637 
409 24516 
27720 31308 
4513 23632 
485 22940 
2466 13829 
4508 30330 
32110 32446 
5420 995 
11604 22374 
28207 22040 
23998 28026 
28339 17141 
25299 9290 
28924 20893 
2888 7192 
28132 4208 
1422 11755 
1085 3229 
31228 14856 
16315 7224 
5084 10437 
11064 25196 
8800 7977 
17892 2863 
816 6452 
853 14666 
17986 7783 
27110 2131 
25362 25872 
30539 25651 
17893 21737 
30900 7779 
24852 1663 
16616 20551 
29909 30208 
9888 25410 
30740 5582 
32252 10904 
26799 16048 
10799 22144 
31525 24901 
356 13922 
18576 31662 
27600 19739 
3672 1751 
1416 9249 
19034 22650 
8368 29965 
12892 11737 
28372 11002 
1239 5580 
27787 13553 
17235 24455 
3817 24353 
30494 26955 
13109 27552 
31728 1918 
20690 11607 
14580 3931 
7646 21108 
17363 13156 
26431 28788 
19217 23822 
21769 24968 
12813 29736 
7517 5267 
10720 10175 
21822 24581 
2964 3971 
21872 21419 
5852 15061 
1047 24201 
5330 13538 
15192 31533 
17636 27890 
7479 26143 
11194 22082 
3163 7769 
19097 1938 
21714 20504 
22168 15083 
10509 3515 
25905 9199 
32518 4279 
25779 22167 
23678 22948 
16554 29091 
5692 3882 
24645 22197 
28723 16545 
5833 27439 
30318 14455 
28776 24300 
26463 8298 
4231 22791 
883 13636 
3007 28332 
29381 916 
24071 12505 
399 16472 
15892 2187 
10090 30770 
22465 23091 
16478 16914 
0 10000
14038 3293 
22686 3865 
7057 6692 
8496 22954 
21576 23780 
2268 5699 
24169 25280 
8079 14977 
1918 15550 
22258 11019 
15665 29952 
19899 17057 
18292 10164 
31438 9415 
847 31588 
25035 24659 
2200 1310 
27872 24917 
15003 5230 
12817 1758 
17093 8264 
12004 24325 
21431 10644 
12226 25611 
5028 19443 
17568 25455 
12979 32379 
18011 32677 
15081 6621 
544 28018 
1357 31878 
20880 18304 
16578 27834 
7885 13198 
4833 26341 
20413 10493 
1300 15783 
5901 14051 
28699 13188 
31359 22272 
21695 20822 
24322 10203 
3163 32468 
4618 6701 
20061 23033 
25644 11226 
28802 2745 
15817 17641 
3752 9794 
2589 21841 
9671 32715 
9990 28331 
6004 5726 
16680 9642 
15846 13180 
30959 14352 
10710 8826 
646 7459 
17461 31363 
26233 2861 
3988 11191 
29656 27735 
20034 22627 
24166 1314 
30503 13936 
21028 18849 
21372 30739 
10156 8060 
3476 21526 
6251 27277 
25521 9522 
20652 20075 
24263 283 
31456 4023 
7998 32492 
18833 24098 
3253 6968 
31232 6897 
5841 30374 
5076 13886 
2737 26304 
28343 24865 
12543 17114 
23396 1891 
27693 5660 
2261 21524 
5074 3152 
19385 32216 
31470 16969 
25360 14356 
8186 12025 
24857 15805 
16667 21861 
24800 16579 
19897 8370 
4341 15986 
15036 4169 
12064 14320 
22179 29000 
20773 27743 
25923 12028 
1608 11587 
112 3652 
4861 961 
21392 7275 
9141 6403 
31651 4410 
24614 30428 
26393 18376 
14498 5816 
1558 25659 
1931 8055 
19500 32563 
2242 24073 
15328 31389 
5404 13400 
1203 22372 
27457 6877 
4561 3855 
10420 14198 
7501 12467 
18339 488 
29511 18918 
382 22670 
26920 21701 
16161 31994 
2004 14427 
24608 25363 
8645 32453 
23256 9352 
27039 21324 
3083 9222 
24039 31519 
15387 836 
19363 11046 
16288 7869 
4977 15946 
30729 12799 
23669 2266 
2339 15834 
20556 12054 
13280 13176 
3647 9540 
4404 18057 
14496 11314 
3551 8085 
31319 31929 
25853 18073 
21876 14111 
27308 21235 
17838 17689 
27718 29269 
22858 6923 
18358 32697 
23445 15718 
30779 4527 
17217 23093 
14941 19091 
6315 26746 
13791 19892 
30370 9823 
31769 29791 
9594 25708 
3644 690 
25805 21382 
10585 9165 
24731 23111 
24672 23454 
713 22410 
7226 28881 
12045 24036 
6813 13249 
18387 1678 
11100 10973 
792 3320 
22604 32053 
11682 26206 
19479 2658 
4678 32351 
13377 5147 
24156 1003 
3012 26707 
13325 12751 
1222 18779 
29593 17145 
30885 8640 
20968 23027 
27124 16835 
19687 21094 
9101 30653 
16834 9265 
2608 7637 
27943 12648 
13 7649 
27847 30347 
13152 28162 
22002 8163 
31133 25362 
12232 27251 
13190 10535 
12199 5268 
2471 32136 
10250 32637 
9902 23402 
12060 16873 
10206 25360 
24512 17722 
19810 22274 
21733 31106 
25398 27402 
22332 8191 
2891 18974 
6831 20256 
12071 2783 
31655 17961 
9668 25791 
17816 1667 
19957 4114 
3309 31581 
6456 9863 
27913 29620 
21557 19920 
3975 23037 
6077 26582 
10283 30472 
20132 31123 
21577 32326 
9926 6883 
11008 5706 
20431 4091 
28425 21911 
14766 25427 
32434 5646 
21421 741 
24831 692 
15928 27756 
13425 27823 
2986 7249 
80 28156 
22880 10043 
32749 16586 
5418 22108 
8091 31892 
863 6521 
13211 24242 
7856 3945 
10943 21959 
1944 32419 
15485 17747 
21670 31488 
18215 23471 
18149 24921 
16286 10823 
11726 11322 
831 2234 
27560 30943 
10898 18313 
27505 23505 
5714 11690 
31625 5316 
12062 24594 
16301 24321 
14119 27271 
28865 2745 
27024 8712 
20000 21000
4533 1927 
10913 3343 
9011 22378 
24838 24505 
607 7660 
31813 13745 
28098 28820 
4078 17777 
27090 30875 
5508 24697 
22228 32197 
11642 7073 
24278 22287 
3000 4000
32215 14064 
21416 18805 
15653 24218 
31133 22916 
29406 20437 
8396 10497 
5195 16262 
24333 17397 
4805 17587 
20586 26138 
21424 21342 
18374 730 
10828 29680 
14000 15000
29880 28804 
6627 30887 
11854 5925 
21727 6331 
31252 29111 
9361 2317 
9732 17537 
30317 10259 
21525 17279 
12260 3792 
17003 31179 
14497 25177 
21187 120 
6750 25328 
2154 21049 
1888 5127 
17277 20311 
20815 1100 
23280 28470 
22968 17482 
22973 9754 
208 17007 
26602 14697 
4293 31075 
21132 30432 
2951 16170 
22309 26876 
2172 23633 
24862 9424 
21310 10736 
12873 17334 
29492 27315 
1438 4358 
29854 27685 
30596 32562 
20808 18565 
10219 9489 
3723 3476 
27753 6269 
14447 23637 
30953 13016 
31130 30589 
22412 5665 
10493 23344 
16126 1794 
29191 9154 
2032 28851 
10135 7913 
10531 12121 
31280 30883 
13998 24561 
27862 27624 
26825 787 
15339 17627 
1846 19737 
6462 11086 
27062 24609 
11566 3736 
3804 1966 
2555 7740 
17728 23501 
27412 31691 
20007 22892 
17438 29161 
29302 13775 
5246 19225 
24324 8458 
27136 9826 
22001 15037 
14684 17990 
355 25916 
28656 5884 
23690 30257 
6521 12861 
10561 19466 
17092 20953 
322 29178 
587 29893 
20332 18497 
15631 3905 
18348 20716 
8175 1614 
27196 12416 
5659 18825 
10165 15628 
27163 5274 
27132 13084 
25292 24616 
30565 9422 
17173 12525 
294 15787 
1007 16773 
2896 3470 
24963 28301 
2204 12475 
18575 15303 
29991 25666 
11845 9784 
13689 8491 
3989 22747 
8547 30586 
9950 8120 
15609 31607 
30564 28833 
25330 30993 
19424 29442 
6501 10950 
14948 32456 
2832 10109 
26993 1428 
32185 2560 
2287 32146 
13911 8018 
4599 24727 
20490 20076 
8760 28490 
26183 17444 
2260 29035 
17178 18036 
31939 28476 
17891 9234 
3389 8267 
2794 25604 
16966 959 
20964 14567 
23056 22535 
7000 3000
3535 31594 
31506 5688 
13092 27676 
18654 20670 
25265 24051 
10952 16703 
6977 13372 
13543 11501 
22031 32352 
10000 0
17518 10607 
16988 6631 
24524 15409 
8638 12582 
5773 2088 
20769 25506 
5516 25983 
3934 13861 
14427 19126 
29187 22572 
13977 24395 
19493 4995 
18340 25389 
11514 19979 
13045 30256 
32030 24298 
30672 11033 
22152 28688 
3000 7000
8203 5526 
4201 18407 
10707 22736 
